248.169 73.923 1590.000
248.165 74.059 1591.000
248.157 74.204 1592.000
248.158 74.345 1593.000
248.171 74.477 1594.000
248.192 74.604 1595.000
248.220 74.730 1596.000
248.252 74.853 1597.000
248.290 74.974 1598.000
248.334 75.092 1599.000
248.382 75.207 1600.000
248.436 75.320 1601.000
248.492 75.430 1602.000
248.552 75.538 1603.000
248.614 75.644 1604.000
248.677 75.747 1605.000
248.742 75.849 1606.000
248.806 75.947 1607.000
248.870 76.044 1608.000
248.932 76.138 1609.000
248.991 76.228 1610.000
249.045 76.315 1611.000
249.096 76.399 1612.000
249.140 76.480 1613.000
249.179 76.556 1614.000
249.211 76.627 1615.000
249.238 76.693 1616.000
249.258 76.753 1617.000
249.273 76.808 1618.000
249.283 76.856 1619.000
249.289 76.898 1620.000
249.293 76.934 1621.000
249.295 76.966 1622.000
249.297 76.993 1623.000
249.299 77.016 1624.000
249.302 77.036 1625.000
249.306 77.051 1626.000
249.311 77.063 1627.000
249.317 77.072 1628.000
249.325 77.078 1629.000
249.335 77.083 1630.000
249.347 77.085 1631.000
249.360 77.086 1632.000
249.376 77.085 1633.000
249.392 77.083 1634.000
249.409 77.077 1635.000
249.428 77.071 1636.000
249.447 77.064 1637.000
249.466 77.053 1638.000
249.485 77.039 1639.000
249.503 77.024 1640.000
249.521 77.005 1641.000
249.536 76.984 1642.000
249.550 76.958 1643.000
249.561 76.931 1644.000
249.569 76.899 1645.000
249.573 76.865 1646.000
249.574 76.829 1647.000
249.572 76.790 1648.000
249.565 76.750 1649.000
249.555 76.708 1650.000
249.541 76.666 1651.000
249.524 76.622 1652.000
249.504 76.578 1653.000
249.481 76.535 1654.000
249.456 76.491 1655.000
249.428 76.447 1656.000
249.398 76.405 1657.000
249.366 76.362 1658.000
249.332 76.321 1659.000
249.297 76.280 1660.000
249.261 76.238 1661.000
249.223 76.196 1662.000
249.186 76.154 1663.000
249.148 76.110 1664.000
249.110 76.066 1665.000
249.072 76.020 1666.000
249.034 75.974 1667.000
248.996 75.926 1668.000
248.957 75.879 1669.000
248.919 75.831 1670.000
248.882 75.783 1671.000
248.845 75.734 1672.000
248.808 75.685 1673.000
248.772 75.639 1674.000
248.736 75.591 1675.000
248.700 75.546 1676.000
248.663 75.503 1677.000
248.624 75.460 1678.000
248.583 75.420 1679.000
248.539 75.382 1680.000
248.490 75.345 1681.000
248.436 75.309 1682.000
248.376 75.274 1683.000
248.311 75.239 1684.000
248.241 75.204 1685.000
248.166 75.168 1686.000
248.086 75.131 1687.000
248.002 75.092 1688.000
247.913 75.052 1689.000
247.819 75.011 1690.000
247.721 74.969 1691.000
247.618 74.927 1692.000
247.510 74.883 1693.000
247.398 74.840 1694.000
247.283 74.796 1695.000
247.163 74.752 1696.000
247.039 74.709 1697.000
246.913 74.666 1698.000
246.782 74.625 1699.000
246.650 74.582 1700.000
246.516 74.541 1701.000
246.381 74.499 1702.000
246.248 74.458 1703.000
246.119 74.416 1704.000
245.995 74.374 1705.000
245.879 74.330 1706.000
245.772 74.284 1707.000
245.676 74.235 1708.000
245.591 74.183 1709.000
245.519 74.129 1710.000
245.459 74.072 1711.000
245.413 74.013 1712.000
245.380 73.952 1713.000
245.359 73.890 1714.000
245.348 73.826 1715.000
245.348 73.760 1716.000
245.355 73.694 1717.000
245.369 73.628 1718.000
245.389 73.562 1719.000
245.411 73.499 1720.000
245.434 73.438 1721.000
245.455 73.381 1722.000
245.474 73.327 1723.000
245.487 73.280 1724.000
245.494 73.240 1725.000
245.493 73.208 1726.000
245.486 73.182 1727.000
245.473 73.164 1728.000
245.457 73.152 1729.000
245.440 73.148 1730.000
245.422 73.149 1731.000
245.405 73.157 1732.000
245.391 73.171 1733.000
245.378 73.193 1734.000
245.369 73.220 1735.000
245.361 73.251 1736.000
245.356 73.289 1737.000
245.354 73.328 1738.000
245.357 73.370 1739.000
245.365 73.413 1740.000
245.379 73.456 1741.000
245.399 73.500 1742.000
245.427 73.542 1743.000
245.461 73.585 1744.000
245.501 73.628 1745.000
245.547 73.670 1746.000
245.599 73.712 1747.000
245.657 73.755 1748.000
245.723 73.799 1749.000
245.796 73.844 1750.000
245.879 73.889 1751.000
245.974 73.933 1752.000
246.080 73.978 1753.000
246.204 74.020 1754.000
246.348 74.057 1755.000
246.514 74.090 1756.000
246.704 74.115 1757.000
246.918 74.135 1758.000
247.154 74.146 1759.000
247.410 74.150 1760.000
247.682 74.148 1761.000
247.969 74.138 1762.000
248.268 74.121 1763.000
248.579 74.098 1764.000
248.900 74.069 1765.000
249.234 74.032 1766.000
249.579 73.987 1767.000
249.933 73.939 1768.000
250.294 73.885 1769.000
250.656 73.828 1770.000
251.015 73.769 1771.000
251.366 73.706 1772.000
251.707 73.640 1773.000
252.035 73.572 1774.000
252.347 73.501 1775.000
252.645 73.429 1776.000
252.928 73.357 1777.000
253.200 73.281 1778.000
253.463 73.203 1779.000
253.720 73.120 1780.000
253.973 73.035 1781.000
254.225 72.945 1782.000
254.479 72.850 1783.000
254.735 72.753 1784.000
254.994 72.649 1785.000
255.255 72.542 1786.000
255.515 72.433 1787.000
255.769 72.326 1788.000
256.016 72.223 1789.000
256.251 72.127 1790.000
256.473 72.040 1791.000
256.683 71.960 1792.000
256.882 71.890 1793.000
257.073 71.825 1794.000
257.260 71.767 1795.000
257.445 71.712 1796.000
257.629 71.662 1797.000
257.813 71.615 1798.000
257.995 71.574 1799.000
258.179 71.534 1800.000
258.365 71.495 1801.000
258.551 71.457 1802.000
258.739 71.417 1803.000
258.925 71.375 1804.000
259.109 71.331 1805.000
259.290 71.284 1806.000
259.468 71.235 1807.000
259.642 71.185 1808.000
259.811 71.134 1809.000
259.976 71.082 1810.000
260.137 71.032 1811.000
260.292 70.983 1812.000
260.441 70.938 1813.000
260.583 70.897 1814.000
260.719 70.859 1815.000
260.847 70.825 1816.000
260.966 70.795 1817.000
261.077 70.768 1818.000
261.179 70.744 1819.000
261.275 70.722 1820.000
261.367 70.699 1821.000
261.456 70.677 1822.000
261.546 70.653 1823.000
261.632 70.627 1824.000
261.705 70.602 1825.000
261.755 70.579 1826.000
261.789 70.557 1827.000
261.813 70.533 1828.000
261.836 70.504 1829.000
261.872 70.464 1830.000
261.931 70.411 1831.000
262.011 70.346 1832.000
262.108 70.271 1833.000
262.221 70.189 1834.000
262.350 70.105 1835.000
262.496 70.021 1836.000
262.657 69.936 1837.000
262.829 69.848 1838.000
262.998 69.761 1839.000
263.140 69.681 1840.000
263.235 69.615 1841.000
263.289 69.560 1842.000
263.311 69.510 1843.000
263.312 69.463 1844.000
263.301 69.420 1845.000
263.287 69.379 1846.000
263.270 69.341 1847.000
263.251 69.311 1848.000
263.231 69.288 1849.000
263.215 69.271 1850.000
263.206 69.259 1851.000
263.203 69.249 1852.000
263.204 69.240 1853.000
263.208 69.230 1854.000
263.214 69.219 1855.000
263.221 69.205 1856.000
263.229 69.192 1857.000
263.238 69.180 1858.000
263.243 69.174 1859.000
263.237 69.178 1860.000
263.211 69.196 1861.000
263.174 69.225 1862.000
263.135 69.259 1863.000
263.101 69.296 1864.000
263.076 69.336 1865.000
263.066 69.375 1866.000
263.063 69.414 1867.000
263.062 69.455 1868.000
263.056 69.496 1869.000
263.044 69.536 1870.000
263.025 69.575 1871.000
263.004 69.615 1872.000
262.986 69.659 1873.000
262.968 69.708 1874.000
262.942 69.760 1875.000
262.900 69.812 1876.000
262.847 69.863 1877.000
262.789 69.914 1878.000
262.733 69.964 1879.000
262.686 70.013 1880.000
262.652 70.061 1881.000
262.628 70.111 1882.000
262.611 70.163 1883.000
262.598 70.218 1884.000
262.591 70.276 1885.000
262.589 70.335 1886.000
262.590 70.394 1887.000
262.590 70.448 1888.000
262.585 70.497 1889.000
262.574 70.546 1890.000
262.606 70.584 1891.000
262.718 70.600 1892.000
262.894 70.592 1893.000
263.110 70.564 1894.000
263.338 70.525 1895.000
263.547 70.483 1896.000
263.712 70.449 1897.000
263.813 70.430 1898.000
263.845 70.433 1899.000
263.814 70.460 1900.000
263.756 70.499 1901.000
263.697 70.539 1902.000
263.638 70.578 1903.000
263.579 70.618 1904.000
263.520 70.657 1905.000
263.472 70.683 1906.000
263.424 70.708 1907.000
263.376 70.734 1908.000
263.328 70.760 1909.000
263.280 70.785 1910.000
263.218 70.834 1911.000
263.156 70.883 1912.000
263.094 70.931 1913.000
263.031 70.981 1914.000
262.968 71.030 1915.000
262.898 71.091 1916.000
262.827 71.152 1917.000
262.756 71.214 1918.000
262.686 71.275 1919.000
262.615 71.337 1920.000
262.494 71.426 1921.000
262.374 71.516 1922.000
262.252 71.606 1923.000
262.130 71.696 1924.000
262.007 71.786 1925.000
261.872 71.881 1926.000
261.735 71.977 1927.000
261.597 72.073 1928.000
261.457 72.170 1929.000
261.317 72.268 1930.000
261.191 72.371 1931.000
261.064 72.475 1932.000
260.934 72.580 1933.000
260.802 72.687 1934.000
260.667 72.796 1935.000
260.564 72.894 1936.000
260.458 72.993 1937.000
260.351 73.093 1938.000
260.241 73.195 1939.000
260.129 73.299 1940.000
260.062 73.421 1941.000
259.992 73.544 1942.000
259.918 73.670 1943.000
259.842 73.797 1944.000
259.762 73.926 1945.000
259.643 74.066 1946.000
259.521 74.208 1947.000
259.397 74.350 1948.000
259.270 74.494 1949.000
259.141 74.638 1950.000
259.039 74.741 1951.000
258.932 74.848 1952.000
258.821 74.957 1953.000
258.704 75.069 1954.000
258.582 75.184 1955.000
258.658 75.208 1956.000
258.734 75.232 1957.000
258.812 75.255 1958.000
258.889 75.278 1959.000
258.967 75.301 1960.000
258.908 75.364 1961.000
258.848 75.429 1962.000
258.787 75.494 1963.000
258.725 75.560 1964.000
258.663 75.626 1965.000
258.735 75.677 1966.000
258.807 75.728 1967.000
258.880 75.778 1968.000
258.953 75.829 1969.000
259.026 75.878 1970.000
259.092 75.934 1971.000
259.158 75.989 1972.000
259.225 76.044 1973.000
259.293 76.098 1974.000
259.362 76.153 1975.000
259.158 76.303 1976.000
258.952 76.454 1977.000
258.745 76.604 1978.000
258.535 76.755 1979.000
258.323 76.906 1980.000
258.140 77.005 1981.000
257.956 77.104 1982.000
257.769 77.202 1983.000
257.581 77.300 1984.000
257.391 77.398 1985.000
257.184 77.537 1986.000
256.973 77.677 1987.000
256.757 77.816 1988.000
256.537 77.956 1989.000
256.311 78.095 1990.000
256.010 78.286 1991.000
255.699 78.476 1992.000
255.380 78.665 1993.000
255.050 78.854 1994.000
254.710 79.043 1995.000
253.995 79.417 1996.000
253.211 79.798 1997.000
252.350 80.185 1998.000
251.403 80.576 1999.000
250.360 80.972 2000.000
248.992 81.427 2001.000
247.468 81.879 2002.000
245.769 82.325 2003.000
243.881 82.762 2004.000
241.782 83.186 2005.000
239.408 83.602 2006.000
236.784 83.995 2007.000
233.900 84.363 2008.000
230.751 84.702 2009.000
227.166 85.020 2010.000
222.596 85.370 2011.000
217.521 85.676 2012.000
211.982 85.933 2013.000
206.059 86.138 2014.000
199.659 86.305 2015.000
192.206 86.467 2016.000
184.522 86.562 2017.000
176.901 86.598 2018.000
169.615 86.568 2019.000
162.867 86.494 2020.000
156.786 86.400 2021.000
151.272 86.275 2022.000
146.334 86.126 2023.000
141.945 85.958 2024.000
138.057 85.778 2025.000

